5.999999999999999778e-01 9.155418363887442984e-03
6.099999999999999867e-01 9.599248903393696117e-03
6.199999999999999956e-01 1.032393373414124647e-02
6.300000000000000044e-01 1.104577357719757971e-02
6.400000000000000133e-01 1.146968151760173818e-02
6.500000000000000222e-01 1.144425533878902848e-02
6.599999999999999201e-01 1.105119952926419610e-02
6.699999999999999289e-01 1.057854044391379027e-02
6.799999999999999378e-01 1.038513967154691686e-02
6.899999999999999467e-01 1.072160980689465873e-02
6.999999999999999556e-01 1.159967226985988455e-02
7.099999999999999645e-01 1.278238096258823599e-02
7.199999999999999734e-01 1.390904404681175995e-02
7.299999999999999822e-01 1.469953685609837017e-02
7.399999999999999911e-01 1.513861768516746968e-02
7.500000000000000000e-01 1.554640380040464391e-02
7.600000000000000089e-01 1.649637914708258074e-02
7.700000000000000178e-01 1.862125551393823200e-02
7.800000000000000266e-01 2.240982847799768626e-02
7.899999999999999245e-01 2.811086698818930640e-02
8.000000000000000444e-01 3.581332849393885354e-02
8.099999999999999423e-01 4.568662009217343972e-02
8.199999999999999512e-01 5.828250808546163453e-02
8.299999999999999600e-01 7.476454429342925534e-02
8.399999999999999689e-01 9.696274833869225618e-02
8.499999999999999778e-01 1.272379104201161459e-01
8.599999999999999867e-01 1.682389986706969431e-01
8.699999999999998845e-01 2.226973604068667734e-01
8.799999999999998934e-01 2.933883834828137638e-01
8.899999999999999023e-01 3.833067495949943337e-01
8.999999999999999112e-01 4.959844653377629697e-01
9.099999999999999201e-01 6.357899897884448093e-01
9.199999999999999289e-01 8.080307091228019489e-01
9.299999999999999378e-01 1.018752810585745516e+00
9.399999999999999467e-01 1.274260735551529411e+00
9.499999999999999556e-01 1.580500319119823471e+00
9.599999999999999645e-01 1.942502519576425168e+00
9.699999999999999734e-01 2.364037695231549385e+00
9.799999999999999822e-01 2.847503469739733895e+00
9.899999999999999911e-01 3.393925573321329381e+00
1.000000000000000000e+00 4.002867392881227282e+00
1.010000000000000009e+00 4.672071506814766906e+00
1.020000000000000018e+00 5.396792312876666387e+00
1.030000000000000027e+00 6.168963332751911111e+00
1.040000000000000036e+00 6.976485952802018886e+00
1.049999999999999822e+00 7.802951933968156339e+00
1.060000000000000053e+00 8.627997393415729022e+00
1.069999999999999840e+00 9.428277566947254940e+00
1.079999999999999849e+00 1.017884597186633755e+01
1.089999999999999858e+00 1.085461900014210457e+01
1.100000000000000089e+00 1.143166027780823768e+01
1.109999999999999876e+00 1.188820259949039659e+01
1.120000000000000107e+00 1.220554179266025763e+01
1.129999999999999893e+00 1.236906272315380306e+01
1.139999999999999902e+00 1.236960497699291217e+01
1.149999999999999911e+00 1.220514279729965423e+01
1.159999999999999920e+00 1.188243621562526720e+01
1.169999999999999929e+00 1.141806400390032650e+01
1.179999999999999938e+00 1.083821937247233080e+01
1.189999999999999947e+00 1.017689749210639327e+01
1.199999999999999956e+00 9.472567300095565912e+00
1.209999999999999964e+00 8.763928059159054484e+00
1.219999999999999973e+00 8.085693767632276874e+00
1.229999999999999982e+00 7.465369165669202722e+00
1.239999999999999991e+00 6.921651617969593495e+00
1.250000000000000000e+00 6.464535019485566636e+00
1.259999999999999787e+00 6.096630101038996052e+00
1.270000000000000018e+00 5.814883235712084542e+00
1.279999999999999805e+00 5.611910724105757531e+00
1.290000000000000036e+00 5.476545249589508835e+00
1.299999999999999822e+00 5.393739066975663299e+00
1.310000000000000053e+00 5.344429190583863232e+00
1.319999999999999840e+00 5.306122946779809446e+00
1.329999999999999849e+00 5.254722998998477834e+00
1.339999999999999858e+00 5.167572120743630038e+00
1.350000000000000089e+00 5.027092437525918278e+00
1.359999999999999876e+00 4.823993090203543943e+00
1.370000000000000107e+00 4.559013833651945902e+00
1.379999999999999893e+00 4.242581893249556479e+00
1.389999999999999902e+00 3.892427967691572732e+00
1.399999999999999911e+00 3.529865563789894356e+00
1.409999999999999920e+00 3.175822576018873633e+00
1.419999999999999929e+00 2.847681628056279557e+00
1.429999999999999938e+00 2.557572123566119515e+00
1.439999999999999947e+00 2.312156963377067331e+00
1.449999999999999734e+00 2.113433390843834303e+00
1.459999999999999964e+00 1.959832994399920425e+00
1.469999999999999973e+00 1.847030498734691939e+00
1.479999999999999982e+00 1.768257221338522367e+00
1.489999999999999991e+00 1.714350501147772432e+00
1.500000000000000000e+00 1.674030917216283054e+00
1.509999999999999787e+00 1.634854581483224489e+00
1.520000000000000018e+00 1.584961000461319713e+00
1.529999999999999805e+00 1.515289682593830012e+00
1.540000000000000036e+00 1.421592719219858081e+00
1.549999999999999822e+00 1.305502531539084243e+00
1.559999999999999831e+00 1.174172385553780673e+00
1.569999999999999840e+00 1.038490765361124835e+00
1.579999999999999849e+00 9.103757004375033768e-01
1.589999999999999858e+00 7.999695211010008356e-01
1.600000000000000089e+00 7.135527383059470097e-01
1.609999999999999876e+00 6.526918783714376060e-01
1.619999999999999662e+00 6.146717146743635452e-01
1.629999999999999893e+00 5.938373424515507315e-01
1.640000000000000124e+00 5.832522164302443857e-01
1.649999999999999911e+00 5.761258521507659491e-01
1.659999999999999698e+00 5.667167472523487737e-01
1.669999999999999929e+00 5.507253614314551182e-01
1.679999999999999716e+00 5.254039007585780130e-01
1.689999999999999947e+00 4.896360888081353613e-01
1.700000000000000178e+00 4.440971094489853388e-01
1.709999999999999964e+00 3.913956957304481343e-01
1.719999999999999751e+00 3.359603991878200580e-01
1.729999999999999982e+00 2.834521345202850040e-01
1.739999999999999769e+00 2.396676973963574597e-01
1.750000000000000000e+00 2.091565025347194295e-01
1.759999999999999787e+00 1.939724441423735790e-01
1.770000000000000018e+00 1.930139593743160353e-01
1.779999999999999805e+00 2.022360286108452199e-01
1.790000000000000036e+00 2.157118623030445381e-01
1.799999999999999822e+00 2.272096986421972553e-01
1.809999999999999609e+00 2.317667030611679502e-01
1.819999999999999840e+00 2.267643995681996871e-01
1.830000000000000071e+00 2.122225730470491123e-01
1.839999999999999858e+00 1.903325160454661935e-01
1.850000000000000089e+00 1.645127306356649610e-01
1.859999999999999876e+00 1.383855962091404268e-01
1.869999999999999662e+00 1.150112074425074515e-01
1.879999999999999893e+00 9.652673736148502381e-02
1.890000000000000124e+00 8.413035587326199438e-02
1.899999999999999911e+00 7.821993626858281257e-02
1.909999999999999698e+00 7.849907393569571790e-02
1.919999999999999929e+00 8.397463451777542609e-02
1.929999999999999716e+00 9.291378577204684186e-02
1.939999999999999947e+00 1.029150967279863077e-01
1.950000000000000178e+00 1.112246916687034265e-01
1.959999999999999964e+00 1.153048498271986994e-01
1.969999999999999751e+00 1.135058890691426348e-01
1.979999999999999982e+00 1.055903908745938896e-01
1.989999999999999769e+00 9.287363366170865719e-02
2.000000000000000000e+00 7.787844077553332522e-02
